  125.0000000000 15.0000000000 10.0000000000
  126.6904730464 18.6252311484 10.0000000000
  126.6904730464 18.6252311484 14.0000000000
  125.0000000000 15.0000000000 14.0000000000

  125.0000000000 15.0000000000 10.0000000000
  122.7057863487 18.2765652324 10.0000000000
  122.7057863487 18.2765652324 14.0000000000
  125.0000000000 15.0000000000 14.0000000000

  125.0000000000 15.0000000000 10.0000000000
  121.0153133023 14.6513340840 10.0000000000
  121.0153133023 14.6513340840 14.0000000000
  125.0000000000 15.0000000000 14.0000000000

  125.0000000000 15.0000000000 10.0000000000
  123.3095269536 11.3747688516 10.0000000000
  123.3095269536 11.3747688516 14.0000000000
  125.0000000000 15.0000000000 14.0000000000

  125.0000000000 15.0000000000 10.0000000000
  127.2942136513 11.7234347676 10.0000000000
  127.2942136513 11.7234347676 14.0000000000
  125.0000000000 15.0000000000 14.0000000000

  125.0000000000 15.0000000000 10.0000000000
  128.9846866977 15.3486659160 10.0000000000
  128.9846866977 15.3486659160 14.0000000000
  125.0000000000 15.0000000000 14.0000000000

  125.0000000000 15.0000000000 10.0000000000
  126.6904730464 18.6252311484 10.0000000000
  126.6904730464 18.6252311484 14.0000000000
  125.0000000000 15.0000000000 14.0000000000

